3
30.28 32.81
71.34 60.44
0.0 0.0
26.17 24.64
23.36 87.5 
95.93 75.27
11.23 61.08
97.06  8.71
14.65 51.42
75.64 43.52
79.71 66.49
41.23 39.98
48.24 88.36
60.73 24.57
85.65 83.86
17.86 20.54
59.55  3.07
 1.6  92.27
96.08 96.84
95.7  39.99
65.24 75.16
12.37 56.86
71.52 99.46
 5.98 40.26
***
61.19 78.22
31.01 45.91
49.51 45.38
73.44 82.61
11.64  7.09
75.53 52.44
46.07 65.28
26.88 89.57
81.9  55.19
17.   90.31
57.24  4.42
51.24 49.17
20.39 19.36
42.13 71.41
37.81 89.02
50.44  8.85
19.13 31.69
94.43  0.65
65.15 24.71
76.82 50.02
66.05 57.32
78.8  72.73
90.61 19.72
30.0 32.0
***
75.04  8.05
88.01 72.42
76.58 13.23
22.39 84.18
90.86 21.13
26.47 93.96
57.28 37.47
37.25 76.52
 4.54 53.21
56.81 28.88
83.78 35.98
10.9  79.8 
14.95 43.36
51.42 22.63
13.29 94.59
80.24 97.6 
78.6  69.07
10.76 50.89
 0.72 57.56
65.69 26.19
66.48 58.93
95.68 10.9 
55.04 18.96
12.97 13.06
